北京 -4.6 -2.2 4.5 13.1 19.8 24.0 25.8 24.4 19.4 12.4 4.1 -2.7
天津 -4.0 -1.6 5.0 13.2 20.0 24.1 26.4 25.5 20.8 13.6 5.2 -1.6
石家庄 -2.9 -0.4 6.6 14.6 20.9 23.6 26.6 25.0 20.3 13.7 5.7 -0.9
太原 -6.6 -3.1 3.7 11.4 17.7 21.7 23.5 21.8 16.1 9.9 2.1 -4.9
呼和浩特 -13.1 -9.0 -0.3 7.9 15.3 20.1 21.9 20.1 13.8 6.5 -2.7 -11.0
沈阳 -12.0 -8.4 0.1 9.3 16.9 21.5 24.6 23.5 17.2 9.4 0.0 -8.5
长春 -16.4 -12.7 -3.5 6.7 15.0 20.1 23.0 21.3 15.0 6.8 -3.8 -12.8
哈尔宾 -19.4 -15.4 -4.8 6.0 14.3 20.0 22.8 21.1 14.4 5.6 -5.7 -15.6
上海 3.5 4.6 8.3 14.0 18.8 23.3 27.8 27.7 23.6 18.0 12.3 6.2
南京 2.0 3.8 8.4 14.8 19.9 24.5 28.0 27.8 22.7 16.9 10.5 4.4
杭州 3.8 5.1 9.3 15.4 20.0 24.3 28.6 28.0 23.3 17.7 12.1 6.3
合肥 2.1 4.2 9.2 15.5 20.6 25.0 28.3 28.0 22.9 17.0 10.6 4.5
福州 10.5 10.7 13.4 18.1 22.1 25.5 28.8 28.2 26.0 21.7 17.5 13.1